year	forms	senses
707	1	1
726	2	2
731	3	3
735	7	7
749	8	8
755	9	9
770	10	10
778	12	12
785	13	13
786	14	14
803	15	15
805	18	19
811	19	20
822	20	21
823	21	22
824	22	23
826	24	25
830	25	26
831	26	27
832	29	31
833	30	32
835	33	38
839	36	41
845	36	42
847	42	48
848	43	49
849	44	50
851	45	51
854	51	57
855	53	59
858	55	61
862	57	63
864	58	64
868	59	65
869	60	66
883	61	67
888	64	70
889	65	71
893	66	72
894	68	74
897	71	77
898	74	82
900	80	89
901	81	90
902	82	91
904	83	92
905	87	96
909	90	99
911	90	100
917	91	101
918	92	102
921	93	104
931	97	109
934	98	110
937	102	114
940	106	118
943	107	119
944	109	123
946	110	124
950	111	125
955	113	127
956	117	132
961	118	134
964	119	135
967	121	138
969	124	141
970	125	142
971	330	435
972	331	436
973	331	437
975	335	441
977	336	442
978	337	444
980	338	445
985	340	447
990	341	448
993	346	457
994	348	459
997	348	460
1000	351	464
1001	353	466
1002	356	469
1006	357	470
1008	359	473
1014	364	478
1016	366	482
1018	367	483
1020	370	486
1023	372	488
1024	375	491
1032	377	493
1036	377	494
1038	379	496
1039	380	497
1042	383	501
1044	384	502
1045	385	503
1046	387	505
1048	389	507
1049	390	508
1050	391	509
1052	393	511
1065	395	513
1066	397	515
1068	397	516
1070	398	517
1085	399	518
1086	402	524
1087	404	526
1095	405	527
1100	408	530
1101	409	531
1122	411	533
1123	412	534
1124	414	536
1125	416	538
1127	418	540
1129	419	541
1131	422	544
1132	422	546
1137	423	547
1138	424	548
1154	457	598
1155	458	599
1166	460	602
1173	461	603
1175	462	604
1176	463	605
1178	465	608
1182	466	609
1185	467	610
1189	470	613
1190	471	614
1191	472	615
1192	475	618
1194	476	619
1195	477	620
1199	479	622
1200	481	625
1201	482	626
1202	483	627
1203	484	628
1204	485	629
1205	491	636
1207	494	639
1212	495	640
1214	498	643
1219	499	645
1220	500	647
1221	503	651
1222	511	660
1223	512	661
1224	513	662
1225	517	666
1226	519	668
1227	524	674
1228	530	683
1229	532	686
1230	533	687
1231	533	688
1232	534	689
1234	535	690
1235	536	691
1240	539	694
1241	541	696
1243	543	698
1244	544	699
1246	546	702
1247	547	703
1248	551	708
1249	552	709
1250	566	728
1251	572	735
1252	579	744
1253	580	745
1255	585	750
1256	588	753
1257	590	755
1258	602	769
1259	604	771
1260	608	775
1261	612	780
1262	613	781
1263	618	787
1264	620	789
1265	622	791
1266	625	794
1267	626	795
1268	627	796
1269	628	798
1271	629	799
1272	632	802
1273	635	805
1274	640	810
1275	650	823
1276	656	832
1277	661	837
1278	671	848
1279	678	857
1280	679	858
1281	685	865
1282	690	871
1283	694	875
1284	701	883
1285	702	884
1286	704	888
1287	713	899
1288	716	903
1289	719	906
1290	728	915
1291	731	918
1292	744	932
1293	755	944
1294	757	947
1295	782	976
1296	799	999
1297	1331	1753
1298	1339	1762
1299	1346	1770
1300	1362	1786
1301	1375	1801
1302	1375	1802
1303	1664	2204
1304	1668	2209
1305	1676	2221
1306	1680	2227
1307	1694	2245
1308	1696	2247
1309	1701	2253
1310	1711	2266
1311	1720	2279
1312	1725	2284
1313	1734	2295
1314	1744	2306
1315	1745	2309
1316	1752	2319
1317	1753	2320
1318	1761	2328
1319	1764	2333
1320	1767	2337
1321	1770	2341
1322	1779	2351
1323	1783	2355
1324	1796	2372
1325	1798	2375
1326	1804	2382
1327	1826	2412
1328	1829	2416
1329	1836	2423
1330	1907	2545
1331	1916	2554
1332	1928	2569
1333	1936	2577
1334	1937	2581
1335	1945	2589
1336	1967	2616
1337	1972	2623
1338	2048	2783
1339	2051	2787
1340	2976	4173
1341	2982	4181
1342	2985	4188
1343	2996	4203
1344	3006	4215
1345	3013	4224
1346	3024	4237
1347	3033	4247
1348	3055	4277
1349	3062	4286
1350	3077	4309
1351	3079	4313
1352	3095	4340
1353	3100	4348
1354	3106	4360
1355	3117	4373
1356	3128	4391
1357	3178	4462
1358	3181	4469
1359	3186	4478
1360	3194	4490
1361	3201	4501
1362	3404	4804
1363	3412	4815
1364	3417	4823
1365	3423	4830
1366	3437	4861
1367	3446	4871
1368	3449	4874
1369	3455	4883
1370	3472	4903
1371	3487	4930
1372	3507	4958
1373	3516	4974
1374	3534	4998
1375	3549	5017
1376	3558	5032
1377	3934	5662
1378	3951	5684
1379	3978	5724
1380	4002	5762
1381	4061	5844
1382	4787	7092
1383	4797	7112
1384	4823	7147
1385	4843	7173
1386	4870	7211
1387	5002	7428
1388	5104	7589
1389	5220	7775
1390	5405	8238
1391	5432	8287
1392	5449	8317
1393	5747	9004
1394	5780	9048
1395	5897	9202
1396	5911	9223
1397	5939	9267
1398	6643	10465
1399	6721	10653
1400	6760	10717
1401	6795	10772
1402	6860	10874
1403	6870	10891
1404	6901	10936
1405	6925	10979
1406	6938	11004
1407	6958	11028
1408	6981	11069
1409	6998	11098
1410	7007	11119
1411	7031	11171
1412	7044	11191
1413	7143	11366
1414	7173	11421
1415	7234	11520
1416	7259	11554
1417	7299	11619
1418	7342	11691
1419	7388	11768
1420	7440	11859
1421	7483	11928
1422	7555	12051
1423	7648	12235
1424	7707	12323
1425	7798	12479
1426	7887	12643
1427	7921	12695
1428	7966	12774
1429	8038	12899
1430	8141	13064
1431	8172	13120
1432	8205	13187
1433	8252	13277
1434	8312	13379
1435	8397	13521
1436	8459	13630
1437	8484	13674
1438	8516	13726
1439	8571	13843
1440	9078	14567
1441	9096	14594
1442	9151	14709
1443	9195	14784
1444	9247	14866
1445	9287	14946
1446	9317	15012
1447	9515	15303
1448	9565	15394
1449	9638	15528
1450	9707	15668
1451	9746	15742
1452	9763	15790
1453	9793	15847
1454	9824	15916
1455	9877	16030
1456	9900	16077
1457	9934	16140
1458	9955	16190
1459	10001	16292
1460	10040	16359
1461	10072	16422
1462	10102	16480
1463	10158	16620
1464	10197	16702
1465	10257	16829
1466	10294	16933
1467	10352	17052
1468	10382	17107
1469	10429	17204
1470	10465	17275
1471	10576	17460
1472	10611	17524
1473	10661	17646
1474	10801	17912
1475	10855	18027
1476	10874	18066
1477	11147	18589
1478	11203	18693
1479	11249	18802
1480	11472	19172
1481	11737	19670
1482	11827	19855
1483	12490	21131
1484	12617	21414
1485	12766	21780
1486	12996	22230
1487	13166	22586
1488	13367	23078
1489	13537	23450
1490	13828	24042
1491	13863	24137
1492	13896	24211
1493	13949	24329
1494	14016	24455
1495	14167	24771
1496	14286	25001
1497	14342	25162
1498	14359	25211
1499	14402	25294
1500	14436	25374
1501	14470	25456
1502	14592	25705
1503	14652	25822
1504	14692	25903
1505	14717	25952
1506	14751	26018
1507	14781	26093
1508	14926	26420
1509	15169	26978
1510	15207	27068
1511	15264	27195
1512	15322	27327
1513	15662	28080
1514	15686	28130
1515	15714	28198
1516	15759	28301
1517	15823	28424
1518	15848	28496
1519	15964	28742
1520	16007	28861
1521	16054	28964
1522	16099	29072
1523	16358	29771
1524	16411	29898
1525	16537	30223
1526	16963	31317
1527	17088	31560
1528	17372	32142
1529	17539	32556
1530	18324	34584
1531	18614	35245
1532	18906	35888
1533	19282	36772
1534	19508	37314
1535	20004	38755
1536	20151	39106
1537	20288	39394
1538	20561	40057
1539	20722	40457
1540	20906	40887
1541	21077	41315
1542	21410	42162
1543	21640	42647
1544	21725	42864
1545	21993	43527
1546	22186	44131
1547	22408	44680
1548	23196	46902
1549	23515	47802
1550	23721	48362
1551	23979	49082
1552	24482	50399
1553	24722	51200
1554	24809	51447
1555	25157	52445
1556	25362	53034
1557	25537	53592
1558	25719	54098
1559	25949	54729
1560	26111	55408
1561	26444	56325
1562	26862	57394
1563	27224	58347
1564	27339	58720
1565	27686	59767
1566	27991	60648
1567	28453	62071
1568	28725	62847
1569	28941	63531
1570	29593	65232
1571	29775	65772
1572	30036	66503
1573	30284	67400
1574	30559	68188
1575	30875	69206
1576	31211	70282
1577	31763	72166
1578	32408	74099
1579	32906	75831
1580	33156	76766
1581	33603	78237
1582	34002	79560
1583	34388	80763
1584	34643	81541
1585	34906	82411
1586	35174	83263
1587	35597	84621
1588	35885	85504
1589	36380	87134
1590	36829	88940
1591	37228	90379
1592	37712	91954
1593	38225	93597
1594	38719	95583
1595	38983	96481
1596	39407	98199
1597	39980	100864
1598	41134	104568
1599	41732	106570
1600	42370	109486
1601	42992	111738
1602	43441	113462
1603	44003	115392
1604	44362	116802
1605	44880	118793
1606	45347	120269
1607	45957	122596
1608	46318	124091
1609	46800	125981
1610	47335	127758
1611	48772	132412
1612	49207	134024
1613	49547	135230
1614	49871	136456
1615	50361	138109
1616	50686	139259
1617	50927	140035
1618	51078	140578
1619	51218	141115
1620	51514	142045
1621	51758	143002
1622	52017	144111
1623	52979	146151
1624	53251	147097
1625	53552	148156
1626	53804	149198
1627	53946	149915
1628	54179	150877
1629	54349	151624
1630	54494	152350
1631	54735	153427
1632	55002	154607
1633	55273	155782
1634	55510	156659
1635	55703	157440
1636	55804	157865
1637	55990	158727
1638	56225	159750
1639	56382	160478
1640	56643	161534
1641	56952	162703
1642	57238	163904
1643	57409	164585
1644	57637	165491
1645	57871	166466
1646	58497	168242
1647	58914	169863
1648	59265	171255
1649	59573	172482
1650	59961	173897
1651	60368	175364
1652	60821	176891
1653	61251	178404
1654	61609	179764
1655	61896	180937
1656	63303	184288
1657	63847	185785
1658	64229	187251
1659	64513	188533
1660	64867	189965
1661	65247	191185
1662	65539	192285
1663	65732	193188
1664	66022	194526
1665	66247	195644
1666	66386	196224
1667	66583	197410
1668	66821	198497
1669	67008	199347
1670	67218	200269
1671	67413	201128
1672	67580	201894
1673	70023	211170
1674	70232	212172
1675	70381	212926
1676	70593	213960
1677	70807	214915
1678	71114	216421
1679	71213	217018
1680	71329	217695
1681	71602	218941
1682	71789	219819
1683	71973	220864
1684	72209	221852
1685	72326	222423
1686	72478	223162
1687	72581	223739
1688	72863	225240
1689	72933	225692
1690	73023	226245
1691	73169	227027
1692	73276	227657
1693	73491	228650
1694	73649	229549
1695	73732	230070
1696	73871	230689
1697	74030	231728
1698	74177	232431
1699	74350	233537
1700	74428	234161
1701	74532	234671
1702	74656	235387
1703	74765	236054
1704	74934	236939
1705	75046	237578
1706	75427	239019
1707	75540	239787
1708	75660	240497
1709	75764	241187
1710	75902	241936
1711	75997	242735
1712	76119	243597
1713	76223	244182
1714	76296	244663
1715	76412	245244
1716	76543	245799
1717	76599	246129
1718	76686	246614
1719	76775	247087
1720	76856	247571
1721	77047	248404
1722	77127	248816
1723	77189	249201
1724	77338	249750
1725	77482	250718
1726	77588	251480
1727	78104	253330
1728	78401	254916
1729	78471	255267
1730	78606	255871
1731	78800	256804
1732	78860	257206
1733	78945	257692
1734	79004	258056
1735	79076	258615
1736	79213	259267
1737	79298	259752
1738	79383	260222
1739	79468	260594
1740	79579	261189
1741	79664	261667
1742	79772	262302
1743	79862	262833
1744	79957	263412
1745	80026	263845
1746	80111	264269
1747	80228	265046
1748	80340	265794
1749	80450	266415
1750	80527	266991
1751	80639	267672
1752	80753	268223
1753	81100	269784
1754	81246	270374
1755	81436	271348
1756	81551	272168
1757	81644	272719
1758	81745	273256
1759	81834	273797
1760	81986	274553
1761	82074	275023
1762	82188	275698
1763	82283	276256
1764	82390	276855
1765	82496	277546
1766	82596	278348
1767	82686	278925
1768	82794	279770
1769	82932	280826
1770	83039	281498
1771	83166	282277
1772	83304	282951
1773	83434	283604
1774	83605	284484
1775	83861	285599
1776	84042	286652
1777	84184	287416
1778	84331	288259
1779	84424	288824
1780	84550	289514
1781	84655	290333
1782	84782	291067
1783	84928	291706
1784	85059	292339
1785	85255	293691
1786	85446	294720
1787	85619	295719
1788	85867	296824
1789	86100	298002
1790	86286	299056
1791	86471	300201
1792	86634	301115
1793	86844	302270
1794	87121	303779
1795	87287	304768
1796	87563	306398
1797	87787	307632
1798	87995	308680
1799	88269	309916
1800	88505	311029
1801	88740	312175
1802	88986	313351
1803	89241	314554
1804	89447	315577
1805	89666	316838
1806	89845	317918
1807	90079	319152
1808	90333	320463
1809	90500	321498
1810	90693	322435
1811	90949	323664
1812	91117	324792
1813	91362	326129
1814	91594	327371
1815	91827	328759
1816	92106	330274
1817	92436	331813
1818	92764	333589
1819	93133	335525
1820	93422	337221
1821	93813	339000
1822	94247	341086
1823	94671	343328
1824	95037	345258
1825	95468	347844
1826	95991	349976
1827	96363	351957
1828	96868	354565
1829	97184	356373
1830	97685	358597
1831	98090	360649
1832	98507	362916
1833	98920	365269
1834	99351	367688
1835	99857	370052
1836	100347	372536
1837	100801	375290
1838	101279	377658
1839	101822	380818
1840	102302	383364
1841	102704	385745
1842	103291	388610
1843	103732	390981
1844	104137	393477
1845	104643	396082
1846	105302	399182
1847	105883	402269
1848	106403	405038
1849	106888	407670
1850	107401	410642
1851	107907	413820
1852	108416	416311
1853	108905	419017
1854	109506	421881
1855	110002	424718
1856	110398	427402
1857	111160	430444
1858	111698	433364
1859	112197	436368
1860	112694	439219
1861	113105	441725
1862	113495	444136
1863	113927	446650
1864	114541	449834
1865	114965	452525
1866	115528	455373
1867	115907	458017
1868	116401	460618
1869	116810	463082
1870	117244	465555
1871	117639	467852
1872	118084	470206
1873	118433	472416
1874	118797	474990
1875	119313	478359
1876	119847	481424
1877	120325	484315
1878	120751	486676
1879	121227	489526
1880	121771	492668
1881	122266	496026
1882	122828	499475
1883	123356	503234
1884	123894	507220
1885	124402	510319
1886	124834	513221
1887	125329	516321
1888	125837	519718
1889	126399	523557
1890	127441	528366
1891	127897	531603
1892	128335	534295
1893	128714	536749
1894	129055	539193
1895	129526	542182
1896	129832	544624
1897	130152	547328
1898	130459	549731
1899	130805	552217
1900	131430	554526
1901	131922	556674
1902	132500	559194
1903	132994	561382
1904	133430	563581
1905	133835	565597
1906	134211	567523
1907	134618	569454
1908	134986	571506
1909	135421	573986
1910	135757	575618
1911	136121	577368
1912	136388	578887
1913	136703	580532
1914	136987	582125
1915	137234	583555
1916	137504	585159
1917	137726	586483
1918	137918	587835
1919	138135	589289
1920	138429	590998
1921	138730	592702
1922	139061	594815
1923	139349	596535
1924	139615	598048
1925	139906	599786
1926	140196	601565
1927	140522	603497
1928	140796	605415
1929	141081	607149
1930	141368	609032
1931	141632	610754
1932	141895	612403
1933	142151	614045
1934	142474	616070
1935	142739	617731
1936	143006	619474
1937	143302	621361
1938	143563	623027
1939	143802	624602
1940	144054	626193
1941	144283	627630
1942	144478	629052
1943	144640	630177
1944	144808	631253
1945	144991	632616
1946	145183	634204
1947	145401	635630
1948	145657	637152
1949	145924	638707
1950	146160	640215
1951	146370	641685
1952	146595	643096
1953	146822	644536
1954	146987	645858
1955	147222	647316
1956	147447	648723
1957	147689	650329
1958	147889	651974
1959	148157	653939
1960	148412	655715
1961	148676	657558
1962	148909	659231
1963	149132	660717
1964	149348	662167
1965	149563	663610
1966	149758	665149
1967	149985	666631
1968	150169	668164
1969	150351	669582
1970	150527	671006
1971	150700	672336
1972	150857	673567
1973	150998	674712
1974	151118	675681
1975	151263	676720
1976	151393	677809
1977	151507	678917
1978	151588	679699
1979	151685	680479
1980	151752	681156
1981	151824	681832
1982	151924	682600
1983	152002	683282
1984	152068	683939
1985	152147	684552
1986	152197	685100
1987	152258	685606
1988	152326	686084
1989	152379	686543
1990	152430	686981
1991	152477	687357
1992	152519	687713
1993	152557	688022
1994	152587	688315
1995	152611	688560
1996	152643	688763
1997	152663	688928
1998	152678	689042
1999	152698	689166
